Unnamed: 0,LATITUDE,LONGITUDE,ELEVATION,EMNT,EMXT,TAVG
550.7037037037037,34.08311370370371,-118.28733111111111,386.05185185185184,2.662962962962963,25.766666666666666,13.562962962962963
558.6071428571429,34.08730821428572,-118.28983714285714,380.33214285714286,3.5071428571428576,26.55,14.350000000000003
541.6071428571429,34.07837607142857,-118.28039071428573,331.87857142857143,1.8249999999999993,26.635714285714283,11.257142857142862
553.1071428571429,34.08372607142857,-118.26095857142857,382.60714285714283,1.6464285714285718,29.00714285714286,10.657142857142857
574.8888888888889,34.09016777777778,-118.2696748148148,401.44074074074075,4.155555555555556,28.73333333333334,14.325925925925926
539.8214285714286,34.082365357142855,-118.26335857142855,381.05357142857144,4.196428571428572,27.60714285714286,15.310714285714285
543.4137931034483,34.079101034482754,-118.2643772413793,376.0827586206896,2.306896551724138,25.348275862068967,11.600000000000001
508.10714285714283,34.07019392857142,-118.25434785714285,322.70714285714286,0.13214285714285706,25.93571428571429,12.300000000000002
557.1333333333333,34.077011,-118.24643466666664,358.3833333333333,1.886666666666667,30.506666666666668,14.526666666666669
569.0689655172414,34.07676310344828,-118.25147379310344,366.92758620689654,2.820689655172413,26.665517241379305,13.51034482758621
528.2413793103449,34.08819413793103,-118.26722206896551,379.21724137931034,6.665517241379311,30.844827586206893,17.124137931034483
546.0333333333333,34.100261,-118.28471466666664,399.5233333333333,2.933333333333333,22.933333333333326,11.969999999999999
536.0,34.0991759375,-118.26273562499999,387.52500000000003,5.431249999999998,31.440624999999994,16.749999999999996
529.375,34.093022812499996,-118.242091875,380.21874999999994,3.559375,25.375,12.840625
526.5757575757576,34.092837272727266,-118.24928303030302,379.01515151515144,4.7272727272727275,30.16969696969698,15.154545454545456
536.2352941176471,34.09378323529411,-118.25407470588235,379.1617647058823,3.885294117647059,28.349999999999994,14.117647058823527
541.483870967742,34.0925364516129,-118.25978193548386,355.241935483871,1.5967741935483872,25.59354838709678,12.490322580645161
542.939393939394,34.08772818181818,-118.2508406060606,377.81212121212127,2.751515151515153,25.863636363636363,12.939393939393938
543.939393939394,34.08772818181818,-118.2508406060606,377.81212121212127,3.536363636363636,23.809090909090912,11.763636363636367
534.3870967741935,34.08480419354838,-118.25619806451611,347.258064516129,5.9096774193548365,33.025806451612894,17.522580645161288
531.5757575757576,34.08311606060606,-118.25571333333333,366.63636363636357,1.9393939393939394,24.70909090909091,13.703030303030301
549.6333333333333,34.09655766666666,-118.27229799999999,353.10999999999996,2.3900000000000006,28.036666666666665,13.069999999999999
519.875,34.08674781249999,-118.2497825,340.946875,3.63125,28.137499999999996,13.11875
556.5454545454545,34.09647363636363,-118.24923151515151,389.80303030303025,5.624242424242422,22.76060606060605,12.984848484848483
550.9677419354839,34.092046129032255,-118.24211419354839,398.69032258064516,5.6258064516129025,26.51290322580646,14.135483870967741
548.2424242424242,34.096397878787876,-118.24663090909091,390.5212121212121,5.190909090909093,30.575757575757585,17.08181818181818
536.483870967742,34.104233225806446,-118.24684580645162,406.33870967741933,4.032258064516129,27.54193548387097,13.916129032258066
569.7096774193549,34.10057516129032,-118.22876193548386,399.3258064516129,2.648387096774194,27.993548387096773,13.058064516129035
559.0,34.096588064516126,-118.23066193548388,407.0451612903226,1.987096774193548,29.206451612903226,14.28709677419355
566.6296296296297,34.13387148148148,-118.28126740740741,455.14814814814815,0.5555555555555557,24.751851851851853,10.559259259259258
103.46666666666667,34.089024333333334,-118.25286133333333,402.79666666666657,3.4699999999999993,33.74666666666667,17.353333333333335
107.35714285714286,34.08684035714286,-118.25136857142856,372.41428571428565,1.4392857142857143,27.38214285714286,13.392857142857142
103.90625,34.0911821875,-118.255945,393.165625,-1.7062499999999998,28.040625000000006,11.740624999999996
106.26666666666667,34.096931000000005,-118.253704,411.83666666666664,2.603333333333333,29.406666666666663,13.276666666666669
104.53125,34.0935790625,-118.243463125,396.48749999999995,3.609375,32.865624999999994,16.293750000000003
775.78125,34.0991759375,-118.26273562499999,387.52500000000003,6.21875,30.853124999999995,16.584374999999998
763.4666666666667,34.112151000000004,-118.25219733333333,412.3033333333333,1.5666666666666664,27.366666666666664,11.493333333333332
742.1034482758621,34.08737000000001,-118.25378689655173,393.25517241379305,2.3896551724137933,24.317241379310346,11.46551724137931
790.6451612903226,34.100226774193544,-118.25993032258064,405.07096774193553,2.6322580645161304,27.474193548387102,12.870967741935482
756.5483870967741,34.10678806451613,-118.26225290322581,405.0903225806452,4.270967741935484,29.76129032258064,15.538709677419352
773.8709677419355,34.11332677419355,-118.27315612903224,402.18709677419355,7.283870967741936,31.693548387096772,17.925806451612907
763.0333333333333,34.100561,-118.25896800000001,404.47,0.9299999999999998,26.89666666666667,11.750000000000002
777.3333333333334,34.114857666666666,-118.27624466666667,416.20666666666665,2.3000000000000003,28.420689655172417,15.258620689655169
814.21875,34.1073103125,-118.28053875,397.28749999999997,1.6718749999999991,27.446874999999995,12.390624999999996
794.8387096774194,34.10475258064516,-118.27836258064517,403.6645161290322,3.7483870967741937,27.96774193548387,13.964516129032257
786.9285714285714,34.08971535714286,-118.2652907142857,358.39285714285705,6.171428571428572,30.814285714285717,16.714285714285715
755.1428571428571,34.0910975,-118.26429071428572,363.32499999999993,1.2535714285714286,25.160714285714285,12.460714285714285
795.9615384615385,34.084901153846154,-118.27989,382.5038461538461,2.711538461538461,25.88076923076923,13.738461538461538
773.551724137931,34.08689068965517,-118.27533931034483,356.0379310344827,2.8206896551724148,26.837931034482757,13.165517241379309
823.3333333333334,34.08157518518519,-118.25796370370368,370.7296296296295,4.02962962962963,28.940740740740743,14.799999999999999
795.8214285714286,34.09263321428572,-118.24186857142857,426.9285714285714,2.0357142857142856,35.06071428571428,14.964285714285717
803.5769230769231,34.08242038461539,-118.23686230769229,428.2115384615384,1.2999999999999996,28.67692307692308,13.142307692307693
820.448275862069,34.09587344827587,-118.24552827586207,419.08965517241376,2.296551724137931,28.503448275862066,14.024137931034486
844.3214285714286,34.09911892857143,-118.23951499999998,433.0571428571428,0.43928571428571417,26.074999999999996,11.23214285714286
822.6666666666666,34.09587888888889,-118.23549703703702,441.70370370370364,3.3814814814814826,31.40370370370371,13.837037037037037
857.3,34.118521,-118.24572400000001,428.0433333333333,4.283333333333333,28.790000000000006,14.41333333333333
882.1333333333333,34.10996433333334,-118.23601066666667,412.95333333333326,2.0933333333333333,25.799999999999997,12.15333333333333
853.2903225806451,34.08684935483871,-118.24742322580646,376.3677419354838,3.5322580645161294,29.46129032258065,15.087096774193549
846.2,34.110801,-118.25573733333334,409.4166666666667,1.993333333333333,27.150000000000002,13.116666666666669
841.9117647058823,34.09648911764706,-118.2530505882353,383.8411764705882,2.4794117647058833,30.150000000000006,13.63823529411765
845.2424242424242,34.0969403030303,-118.26781575757576,386.2454545454545,4.493939393939393,32.93636363636363,16.44545454545455
846.2424242424242,34.0969403030303,-118.26781575757576,386.2454545454545,1.59090909090909,23.290909090909096,11.954545454545455
847.2424242424242,34.0969403030303,-118.26781575757576,386.2454545454545,-0.39090909090909093,26.27878787878788,12.336363636363638
835.71875,34.0860384375,-118.269935,373.54999999999995,1.3687499999999997,26.5125,12.678124999999998
836.71875,34.0860384375,-118.269935,373.54999999999995,5.003125000000001,30.671875,15.8625
910.03125,34.1051509375,-118.264438125,396.9624999999999,6.875000000000003,32.26875,16.728125000000002
939.1290322580645,34.099817096774196,-118.28652,396.9064516129032,1.5161290322580645,28.538709677419348,13.958064516129033
918.0967741935484,34.10573967741935,-118.25750387096775,398.78387096774185,5.358064516129033,29.29677419354839,16.612903225806452
912.9375,34.1051509375,-118.264438125,396.9624999999999,4.334374999999999,28.728125000000006,15.090625
913.9375,34.1051509375,-118.264438125,396.9624999999999,7.590624999999999,31.165625000000002,16.421874999999996
920.060606060606,34.0969403030303,-118.26781575757576,386.2454545454545,8.033333333333333,32.05151515151515,17.872727272727275
946.8387096774194,34.097675161290326,-118.2663941935484,396.6129032258064,1.751612903225806,26.63870967741935,13.629032258064516
924.6666666666666,34.094711000000004,-118.26367400000001,403.17999999999995,1.1633333333333333,28.23,15.463333333333333
941.84375,34.0973384375,-118.273050625,394.85937499999994,5.853124999999999,29.996875000000003,16.721875
900.6551724137931,34.08217689655173,-118.28532827586207,361.103448275862,5.744827586206897,32.94482758620689,18.858620689655172
904.8275862068965,34.0962775862069,-118.27484999999999,417.7241379310344,4.275862068965518,30.727586206896557,15.437931034482759
926.4666666666667,34.09049433333334,-118.27682733333333,404.43999999999994,1.093333333333333,27.673333333333332,12.383333333333331
927.4666666666667,34.09049433333334,-118.27682733333333,404.43999999999994,3.37,24.44,12.650000000000004
967.75,34.090561785714286,-118.27591857142856,410.7392857142857,2.3785714285714286,31.12857142857143,17.38571428571429
929.4,34.09049433333334,-118.27682733333333,404.43999999999994,4.926666666666667,28.169999999999995,15.449999999999998
964.1481481481482,34.093452962962964,-118.29146740740738,420.39629629629627,5.303703703703705,33.04074074074073,17.577777777777776
937.5769230769231,34.08817038461538,-118.29994307692306,369.62692307692305,2.3,25.47307692307693,13.073076923076927
894.925925925926,34.08415296296297,-118.27193037037036,358.08518518518514,2.3037037037037034,25.248148148148147,11.733333333333336
913.5,34.085611785714285,-118.27694,359.01071428571424,3.160714285714286,25.021428571428565,13.014285714285716
914.5,34.085611785714285,-118.27694,359.01071428571424,4.2678571428571415,29.88214285714286,16.699999999999996
913.8148148148148,34.08329,-118.28183777777777,362.55555555555554,8.111111111111112,33.577777777777776,18.107407407407408
914.8148148148148,34.08329,-118.28183777777777,362.55555555555554,3.3740740740740742,28.61481481481481,15.966666666666665
917.5,34.085611785714285,-118.27694,359.01071428571424,4.532142857142858,28.98928571428571,16.042857142857148
918.5,34.085611785714285,-118.27694,359.01071428571424,1.789285714285714,28.324999999999996,13.928571428571427
919.5,34.085611785714285,-118.27694,359.01071428571424,3.689285714285714,26.907142857142855,13.978571428571428
920.5,34.085611785714285,-118.27694,359.01071428571424,7.3428571428571425,30.764285714285723,17.482142857142854
921.5,34.085611785714285,-118.27694,359.01071428571424,3.7142857142857153,25.514285714285716,13.72857142857143
922.5,34.085611785714285,-118.27694,359.01071428571424,3.014285714285714,25.457142857142866,13.253571428571423
923.5,34.085611785714285,-118.27694,359.01071428571424,1.6785714285714277,19.582142857142856,10.042857142857143
924.5,34.085611785714285,-118.27694,359.01071428571424,5.371428571428571,27.217857142857135,14.1
156.11111111111111,34.08101518518519,-118.26907962962962,363.61481481481474,2.992592592592593,32.11851851851852,16.65555555555556
153.75,34.085611785714285,-118.27694,359.01071428571424,3.0428571428571436,23.78928571428571,12.55357142857143
157.07407407407408,34.086623333333335,-118.26374148148146,354.5259259259259,4.622222222222221,25.633333333333333,13.692592592592595
158.07407407407408,34.086623333333335,-118.26374148148146,354.5259259259259,2.7851851851851848,28.84444444444444,14.655555555555551
158.74074074074073,34.07790851851852,-118.27383407407406,356.61481481481485,4.25925925925926,25.892592592592592,13.070370370370368
