Unnamed: 0,LATITUDE,LONGITUDE,ELEVATION,EMNT,EMXT,TAVG
576.0,34.0697,-118.3419,199.6,3.9,26.7,14.3
592.0,34.07695,-118.34495,212.75,4.15,26.7,14.55
563.0,34.075649999999996,-118.34495,212.75,2.5,27.5,12.1
564.0,34.075649999999996,-118.33803499999999,212.75,2.2,29.4,11.75
610.0,34.0816,-118.3419,234.7,5.0,30.6,14.9
536.0,34.075649999999996,-118.33803499999999,212.75,5.0,29.15,15.9
552.0,34.0697,-118.3419,225.9,2.8,26.7,12.5
508.0,34.064,-118.33803499999999,165.35,0.6,26.1,12.850000000000001
569.0,34.064,-118.312635,165.35,1.7,31.4,14.850000000000001
585.0,34.0583,-118.33417,199.6,3.3,27.2,14.3
526.0,34.0842,-118.3419,199.6,7.2,32.2,17.6
572.0,34.10385,-118.34495,230.3,3.9,23.9,13.0
543.0,34.08555,-118.33803499999999,230.3,6.1,32.8,16.85
544.0,34.0829,-118.312635,212.75,4.15,25.3,14.05
530.0,34.0842,-118.33417,225.9,5.6,31.1,15.8
546.0,34.08555,-118.33803499999999,230.3,5.0,29.15,14.95
562.0,34.0869,-118.3419,234.7,1.7,26.1,13.1
563.0,34.0842,-118.33417,225.9,3.9,26.7,13.6
564.0,34.0842,-118.33417,225.9,4.4,24.4,12.9
565.0,34.0816,-118.3419,225.9,7.2,33.3,18.1
536.0,34.0842,-118.3419,225.9,2.2,25.0,14.5
582.0,34.101200000000006,-118.34495,230.3,2.8,28.3,13.6
523.0,34.0829,-118.33803499999999,212.75,4.15,29.4,13.7
569.0,34.0869,-118.33417,234.7,6.7,23.9,14.3
540.0,34.0842,-118.33417,225.9,6.7,26.7,15.1
571.0,34.0869,-118.33417,234.7,5.6,31.1,17.5
542.0,34.0869,-118.33417,234.7,4.4,27.8,14.5
603.0,34.1208,-118.2911,234.7,3.3,28.9,14.0
574.0,34.0869,-118.2911,234.7,2.8,30.0,15.0
575.0,34.125,-118.348,275.5,1.1,25.6,11.7
112.5,34.08555,-118.312635,230.3,3.9,34.4,17.75
116.0,34.0829,-118.33803499999999,230.3,2.2,27.8,13.8
109.5,34.08425,-118.33803499999999,237.75,-0.6,28.9,12.649999999999999
115.5,34.10385,-118.312635,237.75,3.3,30.6,14.1
111.5,34.08555,-118.312635,237.75,4.4,33.9,16.8
814.0,34.08555,-118.33803499999999,230.3,6.7,31.4,16.75
815.0,34.10385,-118.312635,237.75,2.5,27.8,12.4
768.0,34.0842,-118.33417,234.7,3.3,25.0,12.2
865.0,34.0869,-118.33417,240.8,3.3,27.8,13.5
770.0,34.0869,-118.33417,240.8,5.6,30.0,16.1
771.0,34.1208,-118.348,234.7,8.3,32.8,18.4
820.0,34.08555,-118.312635,237.75,1.7,26.7,12.7
821.0,34.10385,-118.345835,252.05,2.8,28.9,15.9
885.0,34.10385,-118.34495,237.75,2.8,28.3,13.5
871.0,34.0869,-118.3419,240.8,5.0,28.9,14.6
824.0,34.08555,-118.33803499999999,212.75,6.7,30.85,16.95
743.0,34.07695,-118.312635,189.15,2.2,26.1,13.3
826.0,34.07695,-118.33803499999999,230.3,3.3,26.4,14.5
779.0,34.0842,-118.3419,199.6,3.9,27.2,13.9
906.0,34.0697,-118.33417,199.6,4.4,29.4,15.4
892.0,34.08425,-118.312635,249.0,2.2,36.1,15.6
893.0,34.08425,-118.312635,249.0,2.2,29.4,13.85
909.0,34.0869,-118.33417,234.7,2.2,28.9,14.6
929.5,34.10385,-118.312635,249.0,1.7,26.7,12.1
911.0,34.0869,-118.2911,263.3,4.4,32.2,14.6
931.5,34.13665,-118.312635,252.05,5.6,28.9,15.1
966.5,34.13665,-118.312635,237.75,2.2,25.85,12.5
953.0,34.1208,-118.3419,226.8,4.4,30.0,15.0
949.0,34.13665,-118.34108499999999,230.75,2.8,27.5,13.8
935.0,34.10385,-118.33803499999999,230.75,3.9,30.6,14.2
955.0,34.1208,-118.3419,226.8,5.6,33.9,17.0
956.0,34.1208,-118.3419,226.8,2.2,23.9,12.8
957.0,34.1208,-118.3419,226.8,0.6,27.2,13.0
939.0,34.10385,-118.34495,226.35000000000002,2.8,27.2,13.4
940.0,34.10385,-118.34495,226.35000000000002,6.1,31.1,16.3
966.5,34.1229,-118.33803499999999,230.75,7.8,33.3,17.6
1020.0,34.125,-118.348,226.8,2.2,29.4,14.6
993.0,34.125,-118.33417,226.8,6.1,30.0,16.7
969.0,34.1229,-118.33803499999999,230.75,5.6,28.9,15.55
970.0,34.1229,-118.33803499999999,230.75,8.600000000000001,32.2,17.15
996.0,34.1208,-118.3419,226.8,8.9,32.8,18.4
1025.0,34.125,-118.3419,226.8,3.3,27.2,14.6
1012.0,34.1229,-118.33803499999999,230.75,1.9500000000000002,29.4,15.95
1013.0,34.1229,-118.34495,230.75,6.95,30.6,17.05
1000.0,34.0869,-118.348,225.9,6.7,33.3,19.5
1001.0,34.1208,-118.348,234.7,5.6,31.1,16.4
1016.0,34.10385,-118.34495,230.3,1.9500000000000002,27.8,13.3
1017.0,34.10385,-118.34495,230.3,4.4,25.0,13.6
1047.0,34.10595,-118.34495,230.3,3.3,31.7,17.7
1019.0,34.10385,-118.34495,230.3,5.6,28.9,16.1
1064.0,34.125,-118.348,225.9,6.1,33.9,18.0
1050.0,34.09735,-118.35275,212.75,3.3,26.1,13.65
1006.0,34.0697,-118.3419,199.6,3.3,25.6,13.0
1022.0,34.09525,-118.34495,212.75,3.9,25.85,13.75
1023.0,34.09525,-118.34495,212.75,5.6,30.3,17.45
1039.0,34.0697,-118.348,199.6,8.3,34.4,18.6
1040.0,34.0697,-118.348,199.6,3.9,29.4,16.1
1026.0,34.09525,-118.34495,212.75,5.3,30.0,16.55
1027.0,34.09525,-118.34495,212.75,2.8,28.9,14.55
1028.0,34.09525,-118.34495,212.75,4.7,26.95,14.65
1029.0,34.09525,-118.34495,212.75,8.3,31.1,18.1
1030.0,34.09525,-118.34495,212.75,3.9,25.6,14.45
1031.0,34.09525,-118.34495,212.75,3.3,25.6,13.899999999999999
1032.0,34.09525,-118.34495,212.75,2.8,20.6,11.35
1033.0,34.09525,-118.34495,212.75,6.7,27.8,14.95
170.0,34.0697,-118.3419,199.6,4.4,33.3,17.2
168.5,34.09525,-118.34495,212.75,3.9,23.9,13.350000000000001
172.0,34.1208,-118.3419,199.6,5.6,26.1,14.0
173.0,34.1208,-118.3419,199.6,3.3,30.0,15.0
174.0,34.0697,-118.3419,199.6,5.0,26.7,14.1
