LATITUDE,LONGITUDE,ELEVATION,EMNT,EMXT,TAVG
40.6116,-122.4161,327.7,-0.6,23.3,9.3
40.6116,-122.4161,327.7,1.1,18.9,9.1
40.6116,-122.4161,327.7,-1.1,21.1,7.4
40.6116,-122.4161,327.7,-1.1,20.6,7.1
40.6116,-122.4161,327.7,1.1,27.2,14.1
40.6116,-122.4161,327.7,1.1,27.2,11.7
40.6116,-122.4161,327.7,-1.1,16.1,7.3
40.6116,-122.4161,327.7,-3.3,17.8,7.1
40.6116,-122.4161,327.7,-2.2,25.0,10.5
40.6116,-122.4161,327.7,-1.7,32.8,10.9
40.6116,-122.4161,327.7,-0.6,26.7,12.5
40.6311,-122.47205,361.2,-0.3,18.35,7.5
40.6311,-122.47205,361.2,1.7,24.15,10.3
40.6311,-122.47205,361.2,-0.55,20.0,9.6
40.6116,-122.4161,327.7,0.0,28.3,12.1
40.6311,-122.47205,361.2,-1.7,21.299999999999997,9.149999999999999
40.6116,-122.4161,327.7,-2.8,18.3,7.5
40.6311,-122.47205,361.2,-2.4000000000000004,18.45,6.35
40.6311,-122.47205,361.2,-0.9500000000000001,21.5,8.25
40.6311,-122.47205,361.2,1.6500000000000001,30.55,15.45
40.6506,-122.4161,327.7,-0.6,27.8,11.3
40.6311,-122.47205,361.2,-2.2,21.95,9.0
40.6311,-122.47205,361.2,-0.8500000000000001,20.8,7.800000000000001
40.6311,-122.47205,361.2,0.6,25.65,11.15
40.6311,-122.47205,361.2,1.1,29.4,12.85
40.6311,-122.47205,361.2,-0.6,26.049999999999997,11.5
40.58405,-122.35735,240.05,-3.3000000000000003,20.3,8.7
40.6116,-122.4161,327.7,-1.1,21.1,7.7
40.6311,-122.47205,361.2,-3.3499999999999996,25.200000000000003,10.35
40.6311,-122.47205,361.2,-1.9500000000000002,18.05,6.85
40.6311,-122.47205,361.2,-1.7,26.549999999999997,10.3
40.6506,-122.4161,327.7,-3.9,21.7,7.7
40.6311,-122.47205,361.2,-6.4,21.9,7.550000000000001
40.6311,-122.47205,361.2,-2.15,25.0,8.899999999999999
40.6311,-122.47205,361.2,-0.45,30.3,14.100000000000001
40.6506,-122.4161,327.7,-0.2,29.4,13.1
40.6311,-122.47205,361.2,-2.55,17.200000000000003,6.55
40.6311,-122.47205,361.2,-1.9500000000000002,19.15,5.55
40.6311,-122.47205,361.2,-1.1,24.65,9.05
40.6506,-122.4161,327.7,-0.6,25.0,11.6
40.6311,-122.47205,361.2,2.65,27.85,13.149999999999999
40.6311,-122.47205,361.2,-3.9,22.15,6.35
40.6311,-122.47205,361.2,-2.2,25.85,10.2
40.6311,-122.47205,361.2,-0.44999999999999996,21.95,7.95
40.6506,-122.4161,327.7,-1.1,26.1,11.2
40.6506,-122.4161,327.7,-0.1,27.2,10.8
40.6506,-122.4161,327.7,-7.4,20.0,6.3
40.6311,-122.47205,361.2,0.0,16.95,7.9
40.6311,-122.47205,361.2,0.3,22.75,9.4
40.6311,-122.47205,361.2,-1.1,27.049999999999997,10.850000000000001
40.6116,-122.4161,327.7,-2.8,27.2,10.4
40.631150000000005,-122.47205,361.2,-2.4000000000000004,15.55,7.35
40.6116,-122.4161,327.7,-2.8,22.8,8.7
40.6116,-122.4161,327.7,-2.2,23.7,8.7
40.6116,-122.4161,327.7,-0.2,28.4,8.4
40.5841,-122.35735,240.05,-2.5,22.8,9.7
40.6116,-122.4161,327.7,-3.0,21.0,8.8
40.5841,-122.35735,240.05,-7.050000000000001,20.5,8.05
40.6116,-122.4161,327.7,-1.1,23.3,10.2
40.6116,-122.4161,327.7,0.0,23.9,9.1
40.6116,-122.4161,327.7,-1.1,30.6,12.0
40.6116,-122.4161,327.7,-2.7,19.9,6.9
40.6116,-122.4161,327.7,-4.4,21.7,7.3
40.6116,-122.4161,327.7,-1.7,22.2,9.7
40.6116,-122.4161,327.7,1.1,25.6,13.4
40.6116,-122.4161,327.7,-1.0,26.3,12.4
40.6116,-122.4161,327.7,-6.6,25.0,8.0
40.6116,-122.4161,327.7,-0.5,26.1,11.5
40.6116,-122.4161,327.7,-3.8,22.8,9.9
40.6116,-122.4161,327.7,1.7,26.7,12.8
40.5841,-122.35735,240.05,-0.55,27.25,12.1
40.5841,-122.35735,240.05,-2.45,20.95,9.8
40.6116,-122.4161,327.7,-2.7,26.1,10.8
40.6116,-122.4161,327.7,0.6,25.1,13.1
40.6116,-122.4161,327.7,1.1,30.0,15.2
40.6116,-122.4161,327.7,-4.6,23.9,9.8
40.6116,-122.4161,327.7,-1.6,14.4,6.8
40.6116,-122.4161,327.7,0.0,17.8,7.5
40.56455,-122.41329999999999,273.55,0.0,26.5,11.95
40.6116,-122.4161,327.7,3.9,26.7,12.1
40.6116,-122.4161,327.7,1.1,23.9,11.7
40.6116,-122.4161,327.7,-3.3,17.9,7.0
40.6116,-122.4161,327.7,-2.2,18.0,6.5
40.6116,-122.4161,327.7,-2.2,20.6,9.8
40.6116,-122.4161,327.7,0.6,27.3,12.8
40.6116,-122.4161,327.7,1.1,22.1,10.4
40.6116,-122.4161,327.7,-2.7,23.8,9.3
40.6116,-122.4161,327.7,-0.5,23.3,9.7
40.6116,-122.4161,327.7,-3.8,25.8,10.3
40.6116,-122.4161,327.7,-1.7,27.2,10.2
40.6116,-122.4161,327.7,3.7,28.5,13.1
40.5841,-122.35735,240.05,-0.8,16.950000000000003,8.7
40.5841,-122.35735,240.05,-1.5,23.3,9.7
40.5841,-122.35735,240.05,-1.85,15.0,6.65
40.5841,-122.35735,240.05,0.75,24.7,10.75
40.6116,-122.4161,327.7,-0.8,30.3,13.9
40.6116,-122.4161,327.7,-1.0,17.2,8.6
40.6116,-122.4161,327.7,-1.0,19.4,8.1
40.56455,-122.41329999999999,273.55,0.0,25.95,11.65
40.5175,-122.2986,152.4,-0.5,27.8,11.4
