LATITUDE,LONGITUDE,ELEVATION,EMNT,EMXT,TAVG
36.32833,-119.2997,92.4,0.0,20.6,9.8
36.32833,-119.2997,92.4,0.0,20.0,8.8
36.32833,-119.2997,92.4,-0.6,20.6,8.1
36.32833,-119.2997,92.4,1.1,18.9,9.8
36.32833,-119.2997,92.4,4.4,28.3,14.9
36.32833,-119.2997,92.4,1.7,26.1,13.7
36.32833,-119.2997,92.4,0.6,15.6,8.5
36.32833,-119.2997,92.4,-1.7,17.2,7.6
36.32833,-119.2997,92.4,-1.1,25.0,11.4
36.32833,-119.2997,92.4,2.8,27.8,12.7
36.32833,-119.2997,92.4,2.8,23.3,12.7
36.32833,-119.2997,92.4,-1.7,19.4,9.7
36.32833,-119.2997,92.4,1.7,19.4,10.0
36.32833,-119.2997,92.4,0.6,20.6,10.9
36.32833,-119.2997,92.4,5.0,26.7,14.4
36.32833,-119.2997,92.4,0.6,21.7,10.8
36.32833,-119.2997,92.4,-0.6,20.0,9.7
36.32833,-119.2997,92.4,0.0,19.4,8.1
36.32833,-119.2997,92.4,2.2,19.4,10.4
36.32833,-119.2997,92.4,4.4,29.4,16.8
36.32833,-119.2997,92.4,-0.6,21.1,11.0
36.32833,-119.2997,92.4,-1.7,16.7,7.1
36.32833,-119.2997,92.4,5.0,25.6,14.4
36.32833,-119.2997,92.4,1.1,26.1,13.4
36.32833,-119.2997,92.4,0.6,22.2,10.4
36.32833,-119.2997,92.4,0.0,21.7,10.6
36.32833,-119.2997,92.4,-1.1,23.3,12.5
36.32833,-119.2997,92.4,-0.6,25.0,8.0
36.32833,-119.2997,92.4,-4.4,18.3,7.0
36.32833,-119.2997,92.4,-0.6,21.1,10.5
36.32833,-119.2997,92.4,3.3,26.1,13.8
36.32833,-119.2997,92.4,-4.4,17.8,7.0
36.32833,-119.2997,92.4,-0.6,18.3,8.4
36.32833,-119.2997,92.4,2.8,24.4,13.8
36.32833,-119.2997,92.4,4.4,27.8,13.6
36.32833,-119.2997,92.4,-0.6,17.2,7.0
36.32833,-119.2997,92.4,0.0,20.0,8.6
36.32833,-119.2997,92.4,0.6,22.2,10.4
36.32833,-119.2997,92.4,0.0,25.6,12.9
36.32833,-119.2997,92.4,2.8,27.2,12.5
36.32833,-119.2997,92.4,-1.7,17.2,8.3
36.32833,-119.2997,92.4,2.8,21.1,9.3
36.32833,-119.2997,92.4,3.9,21.1,11.5
36.32833,-119.2997,92.4,3.3,26.1,13.3
36.32833,-119.2997,92.4,-0.6,30.0,11.4
36.32833,-119.2997,92.4,-0.6,20.6,10.1
36.32833,-119.2997,92.4,0.0,20.6,9.5
36.32833,-119.2997,92.4,0.6,22.2,12.3
36.32833,-119.2997,92.4,-1.1,15.6,7.1
36.32833,-119.2997,92.4,-2.2,21.1,9.1
36.32833,-119.2997,92.4,2.2,23.3,10.9
36.32833,-119.2997,92.4,0.6,23.3,12.5
36.32833,-119.2997,92.4,-1.1,19.4,9.5
36.32833,-119.2997,92.4,0.0,20.6,9.1
36.32833,-119.2997,92.4,4.4,26.7,14.6
36.32833,-119.2997,92.4,0.6,23.9,12.0
36.32833,-119.2997,92.4,6.7,26.7,15.1
36.32833,-119.2997,92.4,3.9,24.4,13.3
36.32833,-119.2997,92.4,0.6,22.2,10.9
36.32833,-119.2997,92.4,-2.2,18.3,8.3
36.32833,-119.2997,92.4,3.9,26.1,13.7
36.32833,-119.2997,92.4,4.4,30.6,16.7
36.32833,-119.2997,92.4,-0.6,27.8,11.0
36.32833,-119.2997,92.4,-1.7,20.0,7.5
36.32833,-119.2997,92.4,-1.1,18.3,9.6
36.32833,-119.2997,92.4,0.6,23.3,12.4
36.32833,-119.2997,92.4,5.0,25.0,14.5
36.32833,-119.2997,92.4,1.7,27.2,13.7
36.32833,-119.2997,92.4,-0.6,20.6,8.2
36.32833,-119.2997,92.4,0.0,19.4,8.7
36.32833,-119.2997,92.4,0.6,23.3,11.9
36.32833,-119.2997,92.4,0.6,29.4,14.1
36.32833,-119.2997,92.4,3.9,26.1,14.2
36.32833,-119.2997,92.4,-1.1,22.8,11.2
36.32833,-119.2997,92.4,1.7,27.2,12.5
36.32833,-119.2997,92.4,2.2,26.1,13.5
36.32833,-119.2997,92.4,0.0,18.9,9.1
36.32833,-119.2997,92.4,-0.6,18.9,10.3
36.32833,-119.2997,92.4,0.0,20.6,8.8
36.32833,-119.2997,92.4,3.9,25.0,13.3
36.32833,-119.2997,92.4,0.0,18.3,8.7
36.32833,-119.2997,92.4,0.6,26.7,12.4
36.32833,-119.2997,92.4,3.9,26.7,13.4
