Unnamed: 0,LATITUDE,LONGITUDE,ELEVATION,TAVG,TMAX,TMIN,EMNT,EMXT
225.0,37.020830000000004,-122.03726,124.95,10.05,,,-0.55,22.5
201.0,36.9911,-121.99951999999999,121.9,11.2,,,0.6,21.7
202.0,36.9911,-121.99951999999999,121.9,8.9,,,-1.7,23.3
203.0,36.9911,-121.99951999999999,121.9,9.9,,,-1.1,26.1
174.0,37.019205,-122.03726,85.35,12.85,,,1.6500000000000001,25.6
175.0,37.019205,-122.03726,85.35,12.850000000000001,,,1.4,28.3
231.0,37.019205,-122.03726,85.35,9.65,,,-0.8,19.4
207.0,36.98785,-121.99951999999999,48.8,8.2,,,-2.2,21.1
233.0,36.989475,-121.89865999999999,85.35,11.4,,,-1.15,26.95
234.0,36.989475,-121.89865999999999,85.35,10.95,,,-0.3,23.6
210.0,36.9911,-121.99951999999999,121.9,13.7,,,2.8,27.8
211.0,36.9911,-121.99951999999999,121.9,10.7,,,0.6,21.1
212.0,36.9911,-121.99951999999999,121.9,13.0,,,3.3,23.9
213.0,36.9911,-121.99951999999999,121.9,10.9,,,0.0,22.2
214.0,36.9911,-121.99951999999999,121.9,12.3,,,1.7,27.2
185.0,36.989475,-121.89865999999999,88.4,11.45,,,0.0,23.6
216.0,36.9911,-121.99951999999999,121.9,10.6,,,-0.6,21.7
217.0,36.9911,-121.99951999999999,121.9,9.6,,,-1.1,20.6
218.0,36.9911,-121.99951999999999,121.9,10.4,,,1.1,20.0
219.0,36.9911,-121.99951999999999,121.9,14.9,,,2.8,30.6
220.0,36.9911,-121.99951999999999,121.9,11.6,,,-1.7,23.3
221.0,36.9911,-121.99951999999999,121.9,10.3,,,-1.1,22.8
222.0,36.9911,-121.99951999999999,121.9,10.1,,,0.0,23.9
223.0,36.9911,-121.99951999999999,121.9,12.1,,,2.2,21.7
224.0,36.9911,-121.99951999999999,121.9,13.4,,,2.8,30.6
195.0,37.019205,-122.03726,85.35,13.75,,,0.8500000000000001,30.0
196.0,37.019205,-122.03726,85.35,10.899999999999999,,,0.0,22.8
197.0,37.019205,-122.03726,85.35,10.0,,,0.6,22.8
198.0,37.019205,-122.03726,85.35,11.15,,,-1.1,26.7
199.0,37.019205,-122.03726,85.35,9.3,,,0.0,19.15
230.0,36.9911,-121.99951999999999,121.9,12.7,,,0.0,26.7
201.0,37.019205,-122.03726,85.35,9.5,,,-2.2,23.9
202.0,37.019205,-122.03726,85.35,8.25,,,-4.95,22.2
203.0,37.019205,-122.03726,85.35,10.5,,,0.25000000000000006,25.85
204.0,37.019205,-122.03726,85.35,12.9,,,0.3,29.15
235.0,36.9911,-121.99951999999999,121.9,13.1,,,0.6,30.6
236.0,36.9911,-121.99951999999999,121.9,8.7,,,-1.1,21.7
237.0,36.9911,-121.99951999999999,121.9,8.9,,,0.0,21.1
238.0,36.9911,-121.99951999999999,121.9,10.5,,,0.0,25.0
239.0,36.9911,-121.99951999999999,121.9,11.8,,,0.0,23.9
210.0,36.989475,-121.89865999999999,88.4,14.149999999999999,,,4.15,31.4
211.0,36.989475,-121.89865999999999,88.4,9.0,,,-1.4,23.05
212.0,36.989475,-121.89865999999999,88.4,11.350000000000001,,,-1.9500000000000002,26.1
213.0,36.989475,-121.89865999999999,88.4,10.9,,,0.0,25.3
214.0,36.989475,-121.89865999999999,88.4,11.649999999999999,,,0.0,24.15
215.0,36.989475,-121.89865999999999,88.4,12.4,,,1.4,29.7
216.0,36.989475,-121.89865999999999,88.4,9.45,,,-2.25,19.75
217.0,36.989475,-121.89865999999999,88.4,10.95,,,2.8,20.6
218.0,36.989475,-121.89865999999999,88.4,11.5,,,2.2,24.15
219.0,36.989475,-121.89865999999999,88.4,11.65,,,0.8500000000000001,26.4
393.5,36.989475,-121.89865999999999,88.4,11.55,17.9,5.449999999999999,,
394.5,36.989475,-121.89865999999999,88.4,9.5,16.9,2.0999999999999996,,
395.5,36.989475,-121.89865999999999,88.4,10.6,18.200000000000003,3.35,,
396.5,36.989475,-121.89865999999999,88.4,11.35,18.2,4.45,,
397.5,36.989475,-121.89865999999999,88.4,11.8,17.65,5.15,,
398.5,36.989475,-121.89865999999999,88.4,13.75,20.15,7.75,,
399.5,36.989475,-121.89865999999999,88.4,9.65,14.149999999999999,4.6,,
400.5,36.989475,-121.89865999999999,88.4,9.45,16.6,2.5,,
401.5,36.989475,-121.89865999999999,88.4,10.0,17.3,2.8,,
402.5,36.989475,-121.89865999999999,88.4,13.25,20.25,6.45,,
403.5,36.989475,-121.89865999999999,88.4,13.2,20.65,6.2,,
404.5,36.989475,-121.89865999999999,88.4,10.0,18.5,1.6,,
405.5,36.989475,-121.89865999999999,88.4,13.2,21.7,4.699999999999999,,
406.5,36.989475,-121.89865999999999,88.4,11.850000000000001,17.45,6.6,,
407.5,36.989475,-121.89865999999999,88.4,13.850000000000001,20.55,7.9,,
408.5,36.989475,-121.89865999999999,88.4,13.9,20.7,8.350000000000001,,
409.5,36.989475,-121.89865999999999,88.4,12.05,16.549999999999997,8.05,,
410.5,36.989475,-121.89865999999999,88.4,13.05,20.6,5.4,,
411.5,36.989475,-121.89865999999999,88.4,14.15,20.9,7.85,,
412.5,36.989475,-121.89865999999999,88.4,15.2,23.35,7.65,,
413.5,36.989475,-121.89865999999999,88.4,11.9,18.8,5.25,,
414.5,36.989475,-121.89865999999999,88.4,9.350000000000001,15.45,3.75,,
415.5,36.989475,-121.89865999999999,88.4,11.350000000000001,15.649999999999999,7.2,,
416.5,36.989475,-121.89865999999999,88.4,14.4,22.35,6.6,,
449.0,36.98785,-121.7978,48.8,13.3,19.4,8.1,,
418.5,36.989475,-121.89865999999999,88.4,13.899999999999999,20.1,7.8,,
419.5,36.989475,-121.89865999999999,88.4,9.95,15.9,4.4,,
420.5,36.989475,-121.89865999999999,88.4,9.5,14.75,4.55,,
421.5,36.989475,-121.89865999999999,88.4,11.5,16.25,6.949999999999999,,
391.0,36.9911,-121.7978,128.0,13.8,20.2,7.3,,
423.5,36.989475,-121.89865999999999,88.4,14.3,20.8,8.2,,
424.5,36.989475,-121.89865999999999,88.4,11.6,19.85,3.25,,
425.5,36.989475,-121.89865999999999,88.4,11.95,17.950000000000003,6.4,,
426.5,36.989475,-121.89865999999999,88.4,11.8,19.9,3.45,,
427.5,36.989475,-121.89865999999999,88.4,11.75,18.3,5.25,,
428.5,36.989475,-121.89865999999999,88.4,14.45,21.95,6.5,,
429.5,36.989475,-121.89865999999999,88.4,10.95,16.950000000000003,5.1,,
430.5,36.989475,-121.89865999999999,88.4,11.55,17.3,6.25,,
431.5,36.989475,-121.89865999999999,88.4,9.0,14.05,4.05,,
432.5,36.989475,-121.89865999999999,88.4,12.1,18.45,6.15,,
433.5,36.989475,-121.89865999999999,88.4,13.4,20.5,6.2,,
434.5,36.989475,-121.89865999999999,88.4,11.0,15.5,6.45,,
404.0,36.9911,-121.7978,128.0,10.6,16.6,4.9,,
436.5,36.989475,-121.89865999999999,88.4,12.100000000000001,19.35,4.6,,
406.0,36.9911,-121.7978,128.0,11.8,16.8,5.9,,
