LATITUDE,LONGITUDE,ELEVATION,EMNT,EMXT,TAVG
34.4436,-119.73384999999999,157.89999999999998,1.95,25.85,13.6
34.4436,-119.73384999999999,157.89999999999998,2.8,26.7,14.25
34.4436,-119.73384999999999,157.89999999999998,1.65,27.5,11.850000000000001
34.4436,-119.73384999999999,157.89999999999998,1.7,30.0,10.8
34.4614,-119.6844,310.9,5.6,28.9,14.7
34.4436,-119.73384999999999,157.89999999999998,4.15,26.950000000000003,15.15
34.4436,-119.73384999999999,157.89999999999998,2.2,25.85,11.85
34.4436,-119.73384999999999,157.89999999999998,0.29999999999999993,25.6,11.4
34.4436,-119.73384999999999,157.89999999999998,1.95,30.6,14.3
34.4436,-119.73384999999999,157.89999999999998,2.25,25.3,13.3
34.4436,-119.73384999999999,157.89999999999998,5.0,31.95,16.1
34.4436,-119.73384999999999,157.89999999999998,2.75,21.7,12.05
34.4436,-119.73384999999999,157.89999999999998,4.75,32.25,15.5
34.4436,-119.73384999999999,157.89999999999998,3.65,23.6,12.8
34.4436,-119.73384999999999,157.89999999999998,4.75,30.6,14.600000000000001
34.4436,-119.73384999999999,157.89999999999998,2.8,26.4,14.0
34.4436,-119.73384999999999,157.89999999999998,0.7999999999999999,24.15,12.2
34.4436,-119.73384999999999,157.89999999999998,0.5499999999999999,24.450000000000003,11.899999999999999
34.4436,-119.73384999999999,157.89999999999998,2.2,23.05,11.45
34.4258,-119.6844,4.9,5.6,32.2,15.6
34.4436,-119.73384999999999,157.89999999999998,2.5,26.7,13.5
34.4436,-119.73384999999999,157.89999999999998,1.95,26.950000000000003,12.7
34.4436,-119.73384999999999,157.89999999999998,3.0500000000000003,28.9,12.7
34.4436,-119.73384999999999,157.89999999999998,5.0,22.25,12.85
34.4436,-119.73384999999999,157.89999999999998,3.9,26.15,13.899999999999999
34.4436,-119.73384999999999,157.89999999999998,4.45,30.25,16.7
34.4436,-119.73384999999999,157.89999999999998,0.85,27.200000000000003,13.4
34.4436,-119.73384999999999,157.89999999999998,1.65,26.950000000000003,12.55
34.4436,-119.73384999999999,157.89999999999998,1.1,29.15,14.0
34.4436,-119.73384999999999,157.89999999999998,1.15,24.45,10.55
34.4436,-119.73384999999999,157.89999999999998,2.8,33.9,16.15
34.4436,-119.73384999999999,157.89999999999998,-1.4,26.1,12.05
34.4436,-119.73384999999999,157.89999999999998,-4.7,27.75,10.75
34.4436,-119.73384999999999,157.89999999999998,2.25,29.450000000000003,13.1
34.4436,-119.73384999999999,157.89999999999998,4.15,33.599999999999994,15.2
34.4436,-119.73384999999999,157.89999999999998,3.9000000000000004,32.25,15.2
34.498599999999996,-119.7157,384.04999999999995,1.1,27.799999999999997,11.05
34.4436,-119.73384999999999,157.89999999999998,1.95,25.3,11.1
34.4614,-119.7833,310.9,1.1,27.8,11.7
34.4614,-119.7833,310.9,3.3,28.9,13.5
34.4436,-119.8129,158.2,5.1,31.95,16.1
34.4436,-119.8129,158.2,0.85,25.0,10.7
34.4436,-119.8129,158.2,0.75,27.75,12.8
34.4258,-119.7833,5.5,1.4,26.7,11.4
34.4258,-119.7833,5.5,3.1,27.8,12.7
34.4258,-119.7833,5.5,4.1,30.0,14.4
34.4258,-119.8425,5.5,0.8,23.3,10.6
34.4258,-119.7833,5.5,3.7,26.1,12.1
34.4258,-119.7833,5.5,2.8,26.7,12.4
34.4258,-119.8425,5.5,3.5,27.8,13.5
34.4258,-119.7833,5.5,0.6,32.8,13.3
34.4436,-119.8129,158.2,1.4500000000000002,26.95,11.75
34.4258,-119.7833,5.5,2.2,29.4,12.4
34.4258,-119.7833,5.5,1.8,26.1,10.2
34.4258,-119.7833,5.5,2.2,30.6,13.4
34.4258,-119.7833,5.5,3.6,26.1,13.6
34.4258,-119.7833,5.5,1.0,22.8,10.6
34.4258,-119.7833,5.5,2.3,27.8,13.3
34.4258,-119.7833,5.5,2.5,25.0,12.4
34.4258,-119.7833,5.5,1.1,27.8,13.0
34.4258,-119.7833,5.5,2.2,34.4,15.6
34.4258,-119.7833,5.5,0.8,21.7,11.5
34.4258,-119.7833,5.5,-2.2,25.0,11.0
34.4258,-119.7833,5.5,2.0,26.7,11.2
34.4258,-119.7833,5.5,3.9,28.3,14.6
34.4258,-119.7833,5.5,4.4,29.4,15.5
34.4258,-119.7833,5.5,-1.6,27.2,12.3
34.4258,-119.7833,5.5,2.8,29.4,15.1
34.4258,-119.7833,5.5,2.6,27.2,13.8
34.4258,-119.7833,5.5,6.1,30.0,15.6
34.4258,-119.7833,5.5,5.0,30.6,16.8
34.4258,-119.7833,5.5,1.8,27.2,13.8
34.4258,-119.7833,5.5,0.6,27.2,14.1
34.4258,-119.7833,5.5,4.9,28.9,15.2
34.4258,-119.7833,5.5,3.8,31.1,17.5
34.4436,-119.8129,158.2,1.75,29.75,13.75
34.4258,-119.7833,5.5,-1.0,25.0,11.9
34.4258,-119.7833,5.5,0.3,27.2,13.1
34.4258,-119.7833,5.5,3.1,30.6,16.2
34.4258,-119.7833,5.5,4.4,28.9,14.8
34.42125,-119.8129,5.2,1.9500000000000002,31.15,15.649999999999999
34.4258,-119.7833,5.5,0.1,23.3,11.8
34.4258,-119.7833,5.5,1.1,23.9,11.2
34.4258,-119.7833,5.5,3.3,22.8,12.5
34.4258,-119.7833,5.5,2.9,26.7,15.6
34.4258,-119.7833,5.5,4.4,32.2,16.9
34.42125,-119.8129,5.2,-0.4,25.85,12.7
34.42125,-119.8129,5.2,2.7,26.950000000000003,14.1
34.42125,-119.8129,5.2,-0.1,25.299999999999997,12.100000000000001
34.42125,-119.8129,5.2,2.6500000000000004,23.3,12.75
34.42125,-119.8129,5.2,4.15,28.049999999999997,15.600000000000001
34.42125,-119.8129,5.2,1.8,22.85,12.5
34.4258,-119.7833,5.5,0.3,22.8,12.1
34.4258,-119.7833,5.5,0.6,16.7,10.1
34.4258,-119.7833,5.5,4.1,26.7,13.3
34.4258,-119.7833,5.5,2.6,30.0,15.7
34.4258,-119.7833,5.5,3.2,23.3,12.5
34.4258,-119.7833,5.5,3.0,23.9,12.4
34.4258,-119.7833,5.5,1.2,27.2,13.2
34.4258,-119.7833,5.5,3.4,22.8,12.4
