DATE,LATITUDE,LONGITUDE,ELEVATION,EMNT,EMXT,TAVG
2000-01,38.58588666666667,-121.50100666666667,7.733333333333333,-1.8333333333333333,16.46666666666667,9.466666666666667
2000-02,38.58588666666667,-121.50100666666667,7.733333333333333,2.4,18.9,11.0
2000-03,38.58588666666667,-121.50100666666667,7.733333333333333,2.966666666666667,27.03333333333333,13.266666666666666
2000-04,38.58588666666667,-121.50100666666667,7.733333333333333,4.8,30.366666666666664,16.433333333333334
2000-05,38.58588666666667,-121.50100666666667,7.733333333333333,4.433333333333334,37.96666666666667,19.433333333333334
2000-06,38.58588666666667,-121.50100666666667,7.733333333333333,10.166666666666666,41.333333333333336,23.633333333333336
2000-07,38.58588666666667,-121.50100666666667,7.733333333333333,11.5,40.0,23.0
2000-08,38.58588666666667,-121.50100666666667,7.733333333333333,11.833333333333334,39.06666666666666,23.933333333333334
2000-09,38.58588666666667,-121.50100666666667,7.733333333333333,9.633333333333333,38.5,22.03333333333333
2000-10,38.58588666666667,-121.50100666666667,7.733333333333333,4.6000000000000005,34.800000000000004,16.666666666666668
2000-11,38.58588666666667,-121.50100666666667,7.733333333333333,-1.3,23.866666666666664,9.333333333333332
2000-12,38.58588666666667,-121.50100666666667,7.733333333333333,-1.3,17.766666666666666,8.633333333333333
2001-01,38.58588666666667,-121.50100666666667,7.733333333333333,-1.866666666666667,17.966666666666665,7.966666666666668
2001-02,38.58588666666667,-121.50100666666667,7.733333333333333,0.0,21.133333333333336,9.566666666666666
2001-03,38.58588666666667,-121.50100666666667,7.733333333333333,2.4,29.433333333333334,14.433333333333332
2001-04,38.58588666666667,-121.50100666666667,7.733333333333333,0.7333333333333334,31.133333333333336,13.933333333333335
2001-05,38.58588666666667,-121.50100666666667,7.733333333333333,7.966666666666666,39.96666666666667,22.8
2001-06,38.58588666666667,-121.50100666666667,7.733333333333333,10.933333333333332,39.23333333333333,23.5
2001-07,38.58588666666667,-121.50100666666667,7.733333333333333,12.033333333333331,41.5,23.633333333333336
2001-08,38.58588666666667,-121.50100666666667,7.733333333333333,11.5,40.0,24.200000000000003
2001-09,38.58588666666667,-121.50100666666667,7.733333333333333,9.600000000000001,36.300000000000004,22.2
2001-10,38.58588666666667,-121.50100666666667,7.733333333333333,6.833333333333333,39.63333333333333,19.066666666666666
2001-11,38.58588666666667,-121.50100666666667,7.733333333333333,1.6666666666666667,26.3,13.466666666666667
2001-12,38.58588666666667,-121.50100666666667,7.733333333333333,1.3,15.933333333333335,9.4
2002-01,38.58588666666667,-121.50100666666667,7.733333333333333,-2.6,14.966666666666669,7.333333333333333
2002-02,38.58588666666667,-121.50100666666667,7.733333333333333,-1.5,23.7,10.633333333333333
2002-03,38.58588666666667,-121.50100666666667,7.733333333333333,-0.3999999999999999,29.066666666666666,11.733333333333334
2002-04,38.58588666666667,-121.50100666666667,7.733333333333333,3.3333333333333335,30.766666666666666,15.1
2002-05,38.58588666666667,-121.50100666666667,7.733333333333333,5.933333333333334,36.1,18.76666666666667
2002-06,38.58588666666667,-121.50100666666667,7.733333333333333,10.766666666666666,38.86666666666667,23.166666666666668
2002-07,38.58588666666667,-121.50100666666667,7.733333333333333,12.066666666666668,43.5,25.066666666666666
2002-08,38.58588666666667,-121.50100666666667,7.733333333333333,10.733333333333334,39.43333333333333,23.600000000000005
2002-09,38.58588666666667,-121.50100666666667,7.733333333333333,9.633333333333333,39.63333333333333,22.96666666666667
2002-10,38.58588666666667,-121.50100666666667,7.733333333333333,1.8333333333333333,35.0,17.2
2002-11,38.58588666666667,-121.50100666666667,7.733333333333333,0.9333333333333332,22.933333333333334,12.6
2002-12,38.58588666666667,-121.50100666666667,7.733333333333333,0.9666666666666667,18.666666666666668,9.9
2003-01,38.58588666666667,-121.50100666666667,7.733333333333333,2.566666666666667,18.533333333333335,10.466666666666667
2003-02,38.58588666666667,-121.50100666666667,7.733333333333333,-0.9,19.066666666666666,10.233333333333333
2003-03,38.58588666666667,-121.50100666666667,7.733333333333333,2.0666666666666664,25.733333333333334,13.5
2003-04,38.58588666666667,-121.50100666666667,7.733333333333333,2.0666666666666664,24.96666666666667,12.6
2003-05,38.58588666666667,-121.50100666666667,7.733333333333333,4.8,37.4,18.766666666666666
2003-06,38.58588666666667,-121.50100666666667,7.733333333333333,11.866666666666665,40.76666666666667,23.03333333333333
2003-07,38.58588666666667,-121.50100666666667,7.733333333333333,12.399999999999999,40.56666666666666,26.76666666666667
2003-08,38.58588666666667,-121.50100666666667,7.733333333333333,11.666666666666666,37.96666666666667,24.333333333333332
2003-09,38.58588666666667,-121.50100666666667,7.733333333333333,11.133333333333335,40.199999999999996,23.5
2003-10,38.58588666666667,-121.50100666666667,7.733333333333333,4.8,33.53333333333333,19.400000000000002
2003-11,38.58588666666667,-121.50100666666667,7.733333333333333,-1.7,21.46666666666667,10.766666666666666
2003-12,38.58588666666667,-121.50100666666667,7.733333333333333,-1.3333333333333333,17.766666666666666,9.6
2004-01,38.58588666666667,-121.50100666666667,7.733333333333333,-1.5,16.666666666666668,8.366666666666667
2004-02,38.58588666666667,-121.50100666666667,7.733333333333333,0.9666666666666667,18.866666666666667,10.533333333333333
2004-03,38.58588666666667,-121.50100666666667,7.733333333333333,4.266666666666667,28.53333333333333,15.799999999999999
2004-04,38.58588666666667,-121.50100666666667,7.733333333333333,6.1000000000000005,35.766666666666666,17.166666666666668
2004-05,38.58588666666667,-121.50100666666667,7.733333333333333,8.333333333333334,34.63333333333333,19.8
2004-06,38.58588666666667,-121.50100666666667,7.733333333333333,11.133333333333335,37.8,22.96666666666667
2004-07,38.58588666666667,-121.50100666666667,7.733333333333333,13.700000000000001,37.76666666666667,24.566666666666666
2004-08,38.58588666666667,-121.50100666666667,7.733333333333333,13.133333333333333,40.56666666666666,24.666666666666668
2004-09,38.58588666666667,-121.50100666666667,7.733333333333333,8.133333333333333,38.5,22.5
2004-10,38.58588666666667,-121.50100666666667,7.733333333333333,5.566666666666666,33.9,17.000000000000004
2004-11,38.58588666666667,-121.50100666666667,7.733333333333333,-1.3,21.3,10.933333333333332
2004-12,38.58588666666667,-121.50100666666667,7.733333333333333,-2.233333333333333,19.066666666666666,8.466666666666667
2005-01,38.58588666666667,-121.50100666666667,7.733333333333333,0.3666666666666667,15.166666666666666,7.733333333333333
2005-02,38.58588666666667,-121.50100666666667,7.733333333333333,1.8666666666666665,20.566666666666666,11.766666666666666
2005-03,38.58588666666667,-121.50100666666667,7.733333333333333,3.5,27.96666666666667,13.799999999999999
2005-04,38.58588666666667,-121.50100666666667,7.733333333333333,3.533333333333333,26.3,14.433333333333332
2005-05,38.58588666666667,-121.50100666666667,7.733333333333333,5.733333333333333,34.800000000000004,18.76666666666667
2005-06,38.58588666666667,-121.50100666666667,7.733333333333333,8.533333333333333,37.4,21.033333333333335
2005-07,38.58588666666667,-121.50100666666667,7.733333333333333,14.266666666666666,41.13333333333333,26.733333333333334
2005-08,38.58588666666667,-121.50100666666667,7.733333333333333,12.6,39.63333333333333,25.333333333333332
2005-09,38.58588666666667,-121.50100666666667,7.733333333333333,9.066666666666668,35.56666666666666,20.96666666666667
2005-10,38.58588666666667,-121.50100666666667,7.733333333333333,5.0,31.666666666666668,17.766666666666666
2005-11,38.58588666666667,-121.50100666666667,7.733333333333333,-0.03333333333333329,25.0,12.933333333333332
2005-12,38.58588666666667,-121.50100666666667,7.733333333333333,-0.9333333333333335,18.333333333333332,9.966666666666667
2006-01,38.58588666666667,-121.50100666666667,7.733333333333333,0.03333333333333329,17.966666666666665,9.500000000000002
2006-02,38.58588666666667,-121.50100666666667,7.733333333333333,-1.6000000000000003,22.400000000000002,10.866666666666667
2006-03,38.58588666666667,-121.50100666666667,7.733333333333333,0.5666666666666667,19.8,10.1
2006-04,38.58588666666667,-121.50100666666667,7.733333333333333,4.266666666666667,30.96666666666667,14.566666666666665
2006-05,38.58588666666667,-121.50100666666667,7.733333333333333,8.133333333333333,35.4,20.0
2006-06,38.58588666666667,-121.50100666666667,7.733333333333333,10.366666666666665,40.6,23.96666666666667
2006-07,38.58588666666667,-121.50100666666667,7.733333333333333,12.966666666666667,43.9,26.866666666666664
2006-08,38.58588666666667,-121.50100666666667,7.733333333333333,11.1,37.03333333333334,23.3
2006-09,38.58588666666667,-121.50100666666667,7.733333333333333,8.9,36.46666666666667,21.566666666666666
2006-10,38.58588666666667,-121.50100666666667,7.733333333333333,3.8666666666666667,30.2,16.366666666666667
2006-11,38.58588666666667,-121.50100666666667,7.733333333333333,-0.7000000000000001,25.2,12.233333333333334
2006-12,38.58588666666667,-121.50100666666667,7.733333333333333,-2.3666666666666667,18.7,8.233333333333334
2007-01,38.58588666666667,-121.50100666666667,7.733333333333333,-5.133333333333333,19.4,7.0
2007-02,38.58588666666667,-121.50100666666667,7.733333333333333,0.20000000000000004,23.5,10.766666666666666
2007-03,38.58588666666667,-121.50100666666667,7.733333333333333,0.7333333333333334,28.3,14.666666666666666
2007-04,38.58588666666667,-121.50100666666667,7.733333333333333,3.5,32.96666666666667,16.03333333333333
2007-05,38.58588666666667,-121.50100666666667,7.733333333333333,5.533333333333334,33.86666666666667,19.666666666666668
2007-06,38.58588666666667,-121.50100666666667,7.733333333333333,9.066666666666668,38.9,22.733333333333334
2007-07,38.58588666666667,-121.50100666666667,7.733333333333333,13.166666666666666,41.86666666666667,24.666666666666668
2007-08,38.58588666666667,-121.50100666666667,7.733333333333333,12.4,40.6,24.73333333333333
2007-09,38.58588666666667,-121.50100666666667,7.733333333333333,6.5,38.333333333333336,20.76666666666667
2007-10,38.58588666666667,-121.50100666666667,7.733333333333333,5.733333333333333,29.23333333333333,16.53333333333333
2007-11,38.58588666666667,-121.50100666666667,7.733333333333333,0.4000000000000001,26.866666666666664,13.133333333333333
2007-12,38.58588666666667,-121.50100666666667,7.733333333333333,-1.6333333333333335,18.9,7.8
2008-01,38.58588666666667,-121.50100666666667,7.733333333333333,-0.7000000000000001,17.066666666666666,7.900000000000001
2008-02,38.58588666666667,-121.50100666666667,7.733333333333333,0.19999999999999996,21.7,9.9
2008-03,38.58588666666667,-121.50100666666667,7.733333333333333,2.4000000000000004,26.5,12.833333333333334
2008-04,38.58588666666667,-121.50100666666667,7.733333333333333,1.8666666666666665,32.96666666666666,14.666666666666666
2008-05,38.58588666666667,-121.50100666666667,7.733333333333333,7.233333333333334,38.9,19.666666666666668
2008-06,38.58588666666667,-121.50100666666667,7.733333333333333,10.2,39.96666666666667,22.899999999999995
2008-07,38.58588666666667,-121.50100666666667,7.733333333333333,9.833333333333334,41.86666666666667,24.599999999999998
2008-08,38.58588666666667,-121.50100666666667,7.733333333333333,12.233333333333334,40.4,24.96666666666667
2008-09,38.58588666666667,-121.50100666666667,7.733333333333333,9.466666666666667,38.699999999999996,22.566666666666666
2008-10,38.58588666666667,-121.50100666666667,7.733333333333333,5.8999999999999995,33.86666666666667,18.13333333333333
2008-11,38.58588666666667,-121.50100666666667,7.733333333333333,3.1666666666666665,26.133333333333336,13.266666666666666
2008-12,38.58588666666667,-121.50100666666667,7.733333333333333,-2.766666666666667,16.3,6.666666666666667
2009-01,38.58588666666667,-121.50100666666667,7.733333333333333,-3.3000000000000003,22.566666666666666,8.533333333333333
2009-02,38.58588666666667,-121.50100666666667,7.733333333333333,-1.0666666666666667,20.766666666666666,10.433333333333332
2009-03,38.58588666666667,-121.50100666666667,7.733333333333333,0.6000000000000001,25.933333333333337,12.466666666666669
2009-04,38.58588666666667,-121.50100666666667,7.733333333333333,2.766666666666667,34.4,15.366666666666667
2009-05,38.58588666666667,-121.50100666666667,7.733333333333333,8.5,38.9,20.566666666666666
2009-06,38.58588666666667,-121.50100666666667,7.733333333333333,10.933333333333332,42.2,21.900000000000002
2009-07,38.58588666666667,-121.50100666666667,7.733333333333333,11.5,40.93333333333334,24.46666666666667
2009-08,38.58588666666667,-121.50100666666667,7.733333333333333,10.9,40.0,24.166666666666668
2009-09,38.58588666666667,-121.50100666666667,7.733333333333333,9.600000000000001,38.699999999999996,23.833333333333332
2009-10,38.58588666666667,-121.50100666666667,7.733333333333333,4.966666666666667,28.7,16.666666666666668
2009-11,38.58588666666667,-121.50100666666667,7.733333333333333,0.20000000000000004,25.733333333333334,11.699999999999998
2009-12,38.58588666666667,-121.50100666666667,7.733333333333333,-4.433333333333334,16.133333333333336,7.366666666666667
2010-01,38.58588666666667,-121.50100666666667,7.733333333333333,2.033333333333333,17.233333333333334,8.933333333333334
2010-02,38.58588666666667,-121.50100666666667,7.733333333333333,3.3333333333333335,20.400000000000002,11.299999999999999
2010-03,38.58588666666667,-121.50100666666667,7.733333333333333,0.7666666666666667,25.2,12.233333333333334
2010-04,38.58588666666667,-121.50100666666667,7.733333333333333,2.566666666666667,28.5,13.199999999999998
2010-05,38.58588666666667,-121.50100666666667,7.733333333333333,3.5,31.3,16.5
2010-06,38.58588666666667,-121.50100666666667,7.733333333333333,9.799999999999999,39.23333333333333,22.7
2010-07,38.58588666666667,-121.50100666666667,7.733333333333333,11.833333333333334,39.06666666666666,23.8
2010-08,38.58588666666667,-121.50100666666667,7.733333333333333,11.299999999999999,41.833333333333336,22.5
2010-09,38.58588666666667,-121.50100666666667,7.733333333333333,10.766666666666666,38.699999999999996,22.666666666666668
2010-10,38.58588666666667,-121.50100666666667,7.733333333333333,3.3333333333333335,34.06666666666666,18.2
2010-11,38.58588666666667,-121.50100666666667,7.733333333333333,-1.8333333333333333,26.866666666666664,11.533333333333333
2010-12,38.58588666666667,-121.50100666666667,7.733333333333333,-1.4666666666666668,18.166666666666668,10.1
2011-01,38.58588666666667,-121.50100666666667,7.733333333333333,-2.0,21.133333333333333,7.933333333333333
2011-02,38.58588666666667,-121.50100666666667,7.733333333333333,-1.4666666666666666,23.666666666666668,9.133333333333335
2011-03,38.58588666666667,-121.50100666666667,7.733333333333333,1.3,26.5,11.9
2011-04,38.58588666666667,-121.50100666666667,7.733333333333333,1.6666666666666667,26.5,14.6
2011-05,38.58588666666667,-121.50100666666667,7.733333333333333,6.866666666666667,32.4,16.53333333333333
2011-06,38.58588666666667,-121.50100666666667,7.733333333333333,7.966666666666666,38.53333333333333,20.833333333333332
2011-07,38.58588666666667,-121.50100666666667,7.733333333333333,12.6,38.699999999999996,23.96666666666667
2011-08,38.58588666666667,-121.50100666666667,7.733333333333333,12.233333333333334,36.300000000000004,23.900000000000002
2011-09,38.58588666666667,-121.50100666666667,7.733333333333333,11.300000000000002,39.26666666666667,23.866666666666664
2011-10,38.58588666666667,-121.50100666666667,7.733333333333333,4.8,30.600000000000005,18.233333333333334
2011-11,38.58588666666667,-121.50100666666667,7.733333333333333,1.3,23.866666666666664,11.0
2011-12,38.58588666666667,-121.50100666666667,7.733333333333333,-4.066666666666666,22.433333333333334,8.0
2012-01,38.58588666666667,-121.50100666666667,7.733333333333333,-4.2,19.433333333333334,9.133333333333333
2012-02,38.58588666666667,-121.50100666666667,7.733333333333333,0.3666666666666667,23.5,10.966666666666667
2012-03,38.58588666666667,-121.50100666666667,7.733333333333333,1.3,23.866666666666664,11.833333333333334
2012-04,38.58588666666667,-121.50100666666667,7.733333333333333,1.8333333333333333,33.13333333333333,15.699999999999998
2012-05,38.58588666666667,-121.50100666666667,7.733333333333333,8.133333333333333,35.76666666666667,19.933333333333334
2012-06,38.58588666666667,-121.50100666666667,7.733333333333333,9.6,40.199999999999996,22.2
2012-07,38.58588666666667,-121.50100666666667,7.733333333333333,12.6,40.56666666666666,24.2
2012-08,38.58588666666667,-121.50100666666667,7.733333333333333,12.199999999999998,41.333333333333336,25.133333333333336
2012-09,38.58588666666667,-121.50100666666667,7.733333333333333,10.366666666666665,36.50000000000001,23.333333333333332
2012-10,38.58588666666667,-121.50100666666667,7.733333333333333,7.966666666666668,37.4,18.6
2012-11,38.58588666666667,-121.50100666666667,7.733333333333333,1.3,26.666666666666668,13.299999999999999
2012-12,38.58588666666667,-121.50100666666667,7.733333333333333,-0.7000000000000001,17.8,8.799999999999999
2013-01,38.58588666666667,-121.50100666666667,7.733333333333333,-3.466666666666667,19.266666666666666,7.166666666666667
2013-02,38.58588666666667,-121.50100666666667,7.733333333333333,-0.7000000000000001,22.233333333333334,9.866666666666667
2013-03,38.58588666666667,-121.50100666666667,7.733333333333333,2.8000000000000003,26.666666666666668,14.300000000000002
2013-04,38.58588666666667,-121.50100666666667,7.733333333333333,6.333333333333333,33.699999999999996,17.866666666666667
2013-05,38.58588666666667,-121.50100666666667,7.733333333333333,8.5,34.4,20.499999999999996
2013-06,38.58588666666667,-121.50100666666667,7.733333333333333,10.566666666666666,42.2,23.46666666666667
2013-07,38.58588666666667,-121.50100666666667,7.733333333333333,11.666666666666666,42.76666666666667,25.099999999999998
2013-08,38.58588666666667,-121.50100666666667,7.733333333333333,11.5,39.63333333333333,24.166666666666668
2013-09,38.58588666666667,-121.50100666666667,7.733333333333333,8.9,38.5,21.96666666666667
2013-10,38.58588666666667,-121.50100666666667,7.733333333333333,5.0,29.599999999999998,17.166666666666668
2013-11,38.58588666666667,-121.50100666666667,7.733333333333333,2.4000000000000004,26.333333333333332,13.233333333333334
2013-12,38.58588666666667,-121.50100666666667,7.733333333333333,-5.466666666666666,20.733333333333334,7.466666666666666
2014-01,38.58588666666667,-121.50100666666667,7.733333333333333,-1.0333333333333332,24.96666666666667,10.533333333333333
2014-02,38.58588666666667,-121.50100666666667,7.733333333333333,-0.5000000000000001,23.7,12.166666666666666
2014-03,38.58588666666667,-121.50100666666667,7.733333333333333,4.266666666666667,27.233333333333334,14.933333333333332
2014-04,38.58588666666667,-121.50100666666667,7.733333333333333,4.8,33.13333333333333,16.833333333333336
2014-05,38.58588666666667,-121.50100666666667,7.733333333333333,8.333333333333334,36.300000000000004,20.966666666666665
2014-06,38.58588666666667,-121.50100666666667,7.733333333333333,10.366666666666667,41.300000000000004,23.666666666666668
2014-07,38.58588666666667,-121.50100666666667,7.733333333333333,12.966666666666667,40.36666666666667,25.7
2014-08,38.58588666666667,-121.50100666666667,7.733333333333333,12.933333333333332,40.766666666666666,24.333333333333332
2014-09,38.58588666666667,-121.50100666666667,7.733333333333333,11.866666666666665,39.43333333333333,23.53333333333333
2014-10,38.58588666666667,-121.50100666666667,7.733333333333333,6.300000000000001,35.76666666666667,19.833333333333332
2014-11,38.58588666666667,-121.50100666666667,7.733333333333333,2.766666666666667,25.733333333333334,13.333333333333334
2014-12,38.58588666666667,-121.50100666666667,7.733333333333333,0.5666666666666668,20.366666666666667,11.700000000000001
2015-01,38.58588666666667,-121.50100666666667,7.733333333333333,-2.1,22.766666666666666,9.766666666666667
2015-02,38.58588666666667,-121.50100666666667,7.733333333333333,1.4666666666666668,23.5,13.033333333333333
2015-03,38.58588666666667,-121.50100666666667,7.733333333333333,2.4,29.266666666666666,16.233333333333334
2015-04,38.58588666666667,-121.50100666666667,7.733333333333333,3.1333333333333333,33.13333333333333,16.666666666666668
2015-05,38.58588666666667,-121.50100666666667,7.733333333333333,7.400000000000001,33.666666666666664,18.5
2015-06,38.58588666666667,-121.50100666666667,7.733333333333333,11.299999999999999,41.66666666666667,24.766666666666666
2015-07,38.58588666666667,-121.50100666666667,7.733333333333333,14.433333333333332,41.50000000000001,25.366666666666664
2015-08,38.58588666666667,-121.50100666666667,7.733333333333333,13.5,40.73333333333333,24.933333333333334
2015-09,38.58588666666667,-121.50100666666667,7.733333333333333,10.0,41.300000000000004,23.233333333333334
2015-10,38.58588666666667,-121.50100666666667,7.733333333333333,8.9,35.4,21.033333333333335
2015-11,38.58588666666667,-121.50100666666667,7.733333333333333,-2.3333333333333335,22.03333333333333,10.566666666666666
2015-12,38.58588666666667,-121.50100666666667,7.733333333333333,-2.5,18.166666666666668,8.333333333333334
2016-01,38.58588666666667,-121.50100666666667,7.733333333333333,-0.6666666666666666,17.766666666666666,10.133333333333333
2016-02,38.58588666666667,-121.50100666666667,7.733333333333333,1.3,24.833333333333332,12.700000000000001
2016-03,38.58588666666667,-121.50100666666667,7.733333333333333,3.3333333333333335,24.8,14.066666666666668
2016-04,38.58588666666667,-121.50100666666667,7.733333333333333,6.466666666666668,31.46666666666667,17.333333333333332
2016-05,38.58588666666667,-121.50100666666667,7.733333333333333,9.066666666666668,38.666666666666664,20.333333333333332
2016-06,38.58588666666667,-121.50100666666667,7.733333333333333,10.4,40.56666666666667,23.933333333333334
2016-07,38.58588666666667,-121.50100666666667,7.733333333333333,12.766666666666666,40.733333333333334,25.0
2016-08,38.58588666666667,-121.50100666666667,7.733333333333333,11.866666666666665,38.86666666666667,24.0
2016-09,38.58588666666667,-121.50100666666667,7.733333333333333,9.433333333333335,37.43333333333334,22.333333333333332
2016-10,38.58588666666667,-121.50100666666667,7.733333333333333,7.033333333333334,31.666666666666668,17.333333333333332
2016-11,38.58588666666667,-121.50100666666667,7.733333333333333,1.1666666666666667,24.8,12.833333333333334
2016-12,38.58588666666667,-121.50100666666667,7.733333333333333,-2.1333333333333333,17.066666666666666,7.6000000000000005
2017-01,38.58588666666667,-121.50100666666667,7.733333333333333,-1.2333333333333334,17.233333333333334,8.333333333333334
2017-02,38.58588666666667,-121.50100666666667,7.733333333333333,0.2333333333333333,19.26666666666667,11.5
2017-03,38.58588666666667,-121.50100666666667,7.733333333333333,1.6666666666666667,26.46666666666667,14.033333333333333
2017-04,38.58588666666667,-121.50100666666667,7.733333333333333,3.3333333333333335,29.266666666666666,15.266666666666667
2017-05,38.58588666666667,-121.50100666666667,7.733333333333333,6.3,37.233333333333334,19.96666666666667
2017-06,38.58588666666667,-121.50100666666667,7.733333333333333,9.233333333333334,41.86666666666667,24.066666666666666
2017-07,38.58588666666667,-121.50100666666667,7.733333333333333,13.133333333333333,42.6,26.433333333333337
2017-08,38.58588666666667,-121.50100666666667,7.733333333333333,12.933333333333332,42.76666666666667,25.666666666666668
2017-09,38.58588666666667,-121.50100666666667,7.733333333333333,9.066666666666668,42.06666666666667,23.366666666666664
2017-10,38.58588666666667,-121.50100666666667,7.733333333333333,5.366666666666667,30.933333333333337,18.0
2017-11,38.58588666666667,-121.50100666666667,7.733333333333333,2.966666666666667,21.133333333333336,12.933333333333332
2017-12,38.58588666666667,-121.50100666666667,7.733333333333333,-0.8666666666666667,18.3,8.666666666666666
2018-01,38.58588666666667,-121.50100666666667,7.733333333333333,0.5666666666666668,18.5,10.1
2018-02,38.58588666666667,-121.50100666666667,7.733333333333333,-2.0,23.5,10.233333333333333
2018-03,38.58588666666667,-121.50100666666667,7.733333333333333,0.03333333333333336,29.266666666666666,12.0
2018-04,38.58588666666667,-121.50100666666667,7.733333333333333,2.233333333333333,30.2,15.366666666666667
2018-05,38.58588666666667,-121.50100666666667,7.733333333333333,8.533333333333333,36.333333333333336,19.133333333333336
2018-06,38.58588666666667,-121.50100666666667,7.733333333333333,9.8,39.06666666666666,23.166666666666668
2018-07,38.58588666666667,-121.50100666666667,7.733333333333333,12.966666666666669,40.93333333333333,26.133333333333336
2018-08,38.58588666666667,-121.50100666666667,7.733333333333333,12.199999999999998,38.333333333333336,23.7
2018-09,38.58588666666667,-121.50100666666667,7.733333333333333,9.466666666666667,36.300000000000004,22.133333333333336
2018-10,38.58588666666667,-121.50100666666667,7.733333333333333,5.733333333333334,29.599999999999998,18.566666666666666
2018-11,38.58588666666667,-121.50100666666667,7.733333333333333,-0.1333333333333334,28.5,12.466666666666669
2018-12,38.58588666666667,-121.50100666666667,7.733333333333333,0.7666666666666666,17.933333333333334,9.433333333333334
2019-01,38.58588666666667,-121.50100666666667,7.733333333333333,-1.2333333333333334,18.900000000000002,10.333333333333334
2019-02,38.58588666666667,-121.50100666666667,7.733333333333333,-0.5,17.400000000000002,8.866666666666667
2019-03,38.58588666666667,-121.50100666666667,7.733333333333333,3.6999999999999997,24.633333333333336,12.333333333333334
2019-04,38.58588666666667,-121.50100666666667,7.733333333333333,7.433333333333334,32.56666666666667,17.333333333333332
2019-05,38.58588666666667,-121.50100666666667,7.733333333333333,6.3,31.46666666666667,17.7
2019-06,38.58588666666667,-121.50100666666667,7.733333333333333,10.366666666666667,39.6,23.833333333333332
2019-07,38.58588666666667,-121.50100666666667,7.733333333333333,13.666666666666666,40.36666666666667,25.133333333333336
2019-08,38.58588666666667,-121.50100666666667,7.733333333333333,13.866666666666667,40.56666666666667,26.0
2019-09,38.58588666666667,-121.50100666666667,7.733333333333333,7.3999999999999995,37.96666666666666,22.400000000000002
2019-10,38.58588666666667,-121.50100666666667,7.733333333333333,3.3333333333333335,31.666666666666668,17.266666666666666
2019-11,38.58588666666667,-121.50100666666667,7.733333333333333,0.2333333333333333,26.866666666666664,13.233333333333334
2019-12,38.58588666666667,-121.50100666666667,7.733333333333333,-0.3,20.0,10.233333333333333
2020-01,38.58588666666667,-121.50100666666667,7.733333333333333,0.7666666666666667,19.633333333333333,9.5
2020-02,38.58588666666667,-121.50100666666667,7.733333333333333,0.7333333333333334,25.933333333333337,12.333333333333334
2020-03,38.58588666666667,-121.50100666666667,7.733333333333333,1.6666666666666667,27.96666666666667,12.466666666666669
